c PicoSAT SAT Solver Version 965
c Copyright (c) 2006 - 2014 Armin Biere JKU Linz
c gcc -Wall -Wextra -DNDEBUG -O3
c
c using 2 as default phase
c
c parsing infile.cnf
c parsed header 'p cnf 7766 505936'
c initialized 7766 variables
c found 505936 non trivial clauses
c
c random number generator seed 0
c 
c  seconds     variables   original    learned     agility
c         level        used      conflicts    limit          MB
c 
c s   0.1   0.0  7766   0.0 207e3     0     0     0   0.0  23.6 
c 
c initial reduction limit 1000 clauses
c 
c +   0.1 126e1  7766   6.9 207e3   100   100  1100   5.4  23.9 
c R   0.1 126e1  7766   6.9 207e3   102   102  1100   5.8  23.9 
c +   0.1 927.5  7766  18.7 207e3   221   221  1210   6.9  24.1 
c +   0.2 868.4  7766  21.8 207e3   367   367  1331   5.6  24.4 
c R   0.2 861.0  7766  21.8 207e3   403   403  1331   6.8  24.5 
c +   0.2 760.6  7766  21.9 207e3   543   543  1464   6.3  24.9 
c +   0.2 710.4  7766  22.0 207e3   755   755  1610   7.3  25.3 
c +   0.3 670.4  7766  23.0 207e3  1011  1011  1771   8.0  25.9 
c R   0.3 660.2  7766  23.1 207e3  1206  1206  1771   6.7  26.4 
c +   0.3 614.9  7766  24.3 207e3  1320  1320  1948   5.6  26.7 
c +   0.4 586.9  7766  28.8 207e3  1693  1693  2142   6.6  27.8 
c +   0.4 531.9  7766  30.8 207e3  2144  2144  2356   5.4  29.1 
c +   0.5 538.9  7766  31.3 207e3  2689  1483  2591   5.5  27.0 
c R   0.5 560.1  7766  31.4 207e3  3210  2004  2591   4.3  29.1 
c +   0.5 562.2  7766  31.5 207e3  3348  2142  2850   4.7  29.7 
c +   0.6 538.9  7766  32.9 207e3  4145  1503  3135   4.0  26.7 
c +   0.7 530.8  7766  33.1 207e3  5109  2467  3448   4.2  29.6 
c +   0.8 532.3  7766  33.1 207e3  6275  1884  3792   6.3  27.2 
c +   1.0 540.8  7766  33.1 207e3  7685  3294  4171   6.9  32.5 
c R   1.0 544.7  7766  33.1 207e3  8030  3639  4171   6.1  33.9 
c 
c  seconds     variables   original    learned     agility
c         level        used      conflicts    limit          MB
c 
c +   1.2 536.1  7766  33.1 207e3  9391  2885  4588   6.1  30.0 
c +   1.4 528.3  7766  33.3 207e3 11455  2621  5046   4.6  28.4 
c +   1.7 522.0  7766  33.3 207e3 13952  2578  5550   7.2  28.0 
c +   2.1 544.1  7766  33.3 207e3 16973  2800  6105   6.6  28.2 
c R   2.3 563.9  7766  33.3 207e3 19253  5080  6105   5.6  37.8 
c +   2.5 557.2  7766  33.3 207e3 20628  3389  6715   6.6  29.8 
c +   3.0 552.0  7766  33.3 207e3 25050  4431  7386   5.2  32.7 
c +   3.6 556.3  7766  33.3 207e3 30400  6066  8124   4.3  37.6 
c +   4.4 564.5  7766  33.3 207e3 36873  4341  8936   4.9  31.0 
c +   5.4 579.3  7766  33.3 207e3 44705  7683  9829   7.0  44.3 
c R   5.4 579.7  7766  33.3 207e3 44921  7899  9829   6.9  45.2 
c +   6.8 587.1  7766  33.4 207e3 54181  7247 10811   4.1  39.9 
c +   8.1 575.9  7766  33.4 207e3 65646  7872 11892   4.4  39.4 
c +  10.2 575.0  7766  33.4 207e3 79518  9806 13081   6.1  46.5 
c +  12.8 580.3  7766  33.4 207e3 96303  6832 14389   4.9  34.1 
c R  13.6 581.2  7766  33.4 207e3 102e3 13225 14389   6.6  58.2 
c +  15.5 576.3  7766  33.4 207e3 116e3 12708 15827   4.5  54.4 
c +  19.1 574.9  7766  33.5 207e3 141e3 13481 17409   4.8  54.9 
c +  23.3 567.5  7766  33.5 207e3 170e3 17075 19149   6.1  67.1 
c +  29.8 573.2  7766  33.5 207e3 206e3 14542 21063   6.1  57.2 
c R  34.5 576.2  7766  33.5 207e3 230e3 17424 21063   7.1  67.7 
c +  37.8 576.1  7766  33.5 207e3 250e3 15720 23169   5.2  60.5 
c 
c  seconds     variables   original    learned     agility
c         level        used      conflicts    limit          MB
c 
c +  46.5 575.7  7766  33.6 207e3 303e3 21950 25485   4.2  79.7 
c +  57.7 565.6  7766  33.6 207e3 366e3 21788 28033   4.9  71.3 
c +  70.7 557.7  7766  33.7 207e3 443e3 14607 30836   4.2  44.9 
c R  85.2 565.4  7766  33.7 207e3 513e3 22125 30836   6.1  73.0 
c +  89.9 565.7  7766  33.7 207e3 537e3 30681 33919   7.2 100.3 
c + 115.2 565.5  7766  33.8 207e3 650e3 24476 37310   8.1  75.1 
c + 149.1 566.7  7766  33.8 207e3 786e3 30160 41041   3.8  93.8 
c + 192.7 567.0  7766  33.9 207e3 952e3 30830 45145   4.8  88.5 
c R 236.8 560.4  7766  33.9 207e3 112e4 27004 45145   7.6  66.9 
c + 242.6 560.4  7766  33.9 207e3 115e4 27387 49659   4.3  70.5 
c + 312.5 558.7  7766  33.9 207e3 139e4 45386 54624   7.3 134.3 
c + 397.4 559.8  7766  33.9 207e3 168e4 37385 60086   4.7 101.6 
c + 520.3 563.4  7766  33.9 207e3 204e4 30573 66094   5.2  65.0 
c R 681.3 565.8  7766  33.9 207e3 246e4 55268 66094   7.3 158.3 
c + 684.4 565.7  7766  33.9 207e3 246e4 61952 72703   6.0 183.5 
c + 887.4 564.9  7766  33.9 207e3 298e4 71070 79973   6.4 191.4 
c + 116e1 564.5  7766  33.9 207e3 361e4 57701 87970   4.7 145.3 
c + 151e1 562.0  7766  33.9 207e3 437e4 68229 96767   6.0 182.1 
c + 182e1 547.6  7766  33.9 207e3 529e4 67520 106e3   5.7 143.9 
c R 183e1 546.7  7766  33.9 207e3 533e4 56096 106e3   5.4 104.6 
c + 234e1 544.9  7766  33.9 207e3 640e4 60589 117e3   6.4 122.4 
c + 313e1 547.9  7766  33.9 207e3 775e4 116e3 128e3   6.0 360.7 
c 
c  seconds     variables   original    learned     agility
c         level        used      conflicts    limit          MB
c 
